{
  "root": {
    "matrix": [
      [
        1.0,
        0.0,
        0.0,
        0.0
      ],
      [
        0.0,
        0.9999999403953552,
        0.0,
        92.39869689941406
      ],
      [
        0.0,
        0.0,
        1.0,
        0.0
      ],
      [
        0.0,
        0.0,
        0.0,
        1.0
      ]
    ],
    "head": [
      0.0,
      92.39869689941406,
      0.0
    ],
    "tail": [
      0.0,
      99.29254150390625,
      0.0
    ],
    "length": 6.8938446044921875,
    "parent": null,
    "vector": [
      0.0,
      6.8938446044921875,
      0.0
    ]
  },
  "l_upleg": {
    "matrix": [
      [
        0.11877112835645676,
        -0.027903690934181213,
        0.9925294518470764,
        8.204649925231934
      ],
      [
        -0.9900028109550476,
        0.07326138019561768,
        0.12052840739488602,
        90.55811309814453
      ],
      [
        -0.07607726007699966,
        -0.9969223141670227,
        -0.018923357129096985,
        0.5325720906257629
      ],
      [
        0.0,
        0.0,
        0.0,
        1.0
      ]
    ],
    "head": [
      8.204649925231934,
      90.55811309814453,
      0.5325720906257629
    ],
    "tail": [
      7.521391868591309,
      92.35201263427734,
      -23.878358840942383
    ],
    "length": 24.486291885375977,
    "parent": "root",
    "vector": [
      -0.683258056640625,
      1.7938995361328125,
      -24.410930633544922
    ]
  },
  "l_lowleg": {
    "matrix": [
      [
        0.11386627703905106,
        -0.031239956617355347,
        0.9930048584938049,
        13.210977554321289
      ],
      [
        -0.9882242679595947,
        0.0992683619260788,
        0.11644110083580017,
        48.9516716003418
      ],
      [
        -0.10221157968044281,
        -0.994570255279541,
        -0.01956886053085327,
        -1.889591932296753
      ],
      [
        0.0,
        0.0,
        0.0,
        1.0
      ]
    ],
    "head": [
      13.210977554321289,
      48.9516716003418,
      -1.889591932296753
    ],
    "tail": [
      12.422637939453125,
      51.45670700073242,
      -26.987552642822266
    ],
    "length": 25.234981536865234,
    "parent": "l_upleg",
    "vector": [
      -0.7883396148681641,
      2.505035400390625,
      -25.09796142578125
    ]
  },
  "l_foot": {
    "matrix": [
      [
        0.11390187591314316,
        -0.03127994388341904,
        0.9929996132850647,
        18.0
      ],
      [
        -0.9882189631462097,
        0.09927564859390259,
        0.1164807677268982,
        7.388633728027344
      ],
      [
        -0.10222416371107101,
        -0.9945684671401978,
        -0.019603900611400604,
        -6.188439846038818
      ],
      [
        0.0,
        0.0,
        0.0,
        1.0
      ]
    ],
    "head": [
      18.0,
      7.388633728027344,
      -6.188439846038818
    ],
    "tail": [
      17.99968719482422,
      7.389626502990723,
      -6.198385715484619
    ],
    "length": 0.010000187903642654,
    "parent": "l_lowleg",
    "vector": [
      -0.00031280517578125,
      0.0009927749633789062,
      -0.009945869445800781
    ]
  },
  "l_talocrural": {
    "matrix": [
      [
        0.11386612802743912,
        -0.031239770352840424,
        0.9930047392845154,
        18.000003814697266
      ],
      [
        -0.98822420835495,
        0.0992683544754982,
        0.11644091457128525,
        7.388585567474365
      ],
      [
        -0.10221154987812042,
        -0.9945700764656067,
        -0.01956857740879059,
        -6.188445568084717
      ],
      [
        0.0,
        0.0,
        0.0,
        1.0
      ]
    ],
    "head": [
      18.000003814697266,
      7.388585567474365,
      -6.188445568084717
    ],
    "tail": [
      17.8892765045166,
      7.740435600280762,
      -9.713632583618164
    ],
    "length": 3.5444326400756836,
    "parent": "l_foot",
    "vector": [
      -0.11072731018066406,
      0.3518500328063965,
      -3.5251870155334473
    ]
  },
  "l_subtalar": {
    "matrix": [
      [
        -0.010963477194309235,
        -0.0019140243530273438,
        0.9999380111694336,
        18.878759384155273
      ],
      [
        -0.17199325561523438,
        0.985098123550415,
        -1.4901161193847656e-07,
        3.9971752166748047
      ],
      [
        -0.9850370287895203,
        -0.17198260128498077,
        -0.01112929917871952,
        -5.65073823928833
      ],
      [
        0.0,
        0.0,
        0.0,
        1.0
      ]
    ],
    "head": [
      18.878759384155273,
      3.9971752166748047,
      -5.65073823928833
    ],
    "tail": [
      18.8670654296875,
      10.01573657989502,
      -6.701484203338623
    ],
    "length": 6.10960578918457,
    "parent": "l_talocrural",
    "vector": [
      -0.011693954467773438,
      6.018561363220215,
      -1.050745964050293
    ]
  },
  "l_transversetarsal": {
    "matrix": [
      [
        -0.010962755419313908,
        -0.0019140839576721191,
        0.9999380111694336,
        18.945737838745117
      ],
      [
        -0.17199306190013885,
        0.9850980043411255,
        4.470348358154297e-08,
        5.047986030578613
      ],
      [
        -0.985037088394165,
        -0.17198240756988525,
        -0.011128600686788559,
        0.36745041608810425
      ],
      [
        0.0,
        0.0,
        0.0,
        1.0
      ]
    ],
    "head": [
      18.945737838745117,
      5.047986030578613,
      0.36745041608810425
    ],
    "tail": [
      18.93084716796875,
      12.711527824401855,
      -0.970481812953949
    ],
    "length": 7.779470443725586,
    "parent": "l_subtalar",
    "vector": [
      -0.014890670776367188,
      7.663541793823242,
      -1.3379322290420532
    ]
  },
  "l_ball": {
    "matrix": [
      [
        -0.2294628620147705,
        0.01745244860649109,
        0.9731609225273132,
        19.46495819091797
      ],
      [
        0.00400523841381073,
        0.9998477697372437,
        -0.01698664203286171,
        2.082073926925659
      ],
      [
        -0.9733092188835144,
        -6.043890010687392e-08,
        -0.22949782013893127,
        7.540589332580566
      ],
      [
        0.0,
        0.0,
        0.0,
        1.0
      ]
    ],
    "head": [
      19.46495819091797,
      2.082073926925659,
      7.540589332580566
    ],
    "tail": [
      19.60072898864746,
      9.860359191894531,
      7.540588855743408
    ],
    "length": 7.7794694900512695,
    "parent": "l_transversetarsal",
    "vector": [
      0.1357707977294922,
      7.778285026550293,
      -4.76837158203125e-07
    ]
  },
  "l_lowleg_twist1_proc": {
    "matrix": [
      [
        0.11386627703905106,
        -0.031239956617355347,
        0.9930048584938049,
        14.168781280517578
      ],
      [
        -0.9882242679595947,
        0.0992683619260788,
        0.11644110083580017,
        40.63906478881836
      ],
      [
        -0.10221157968044281,
        -0.994570255279541,
        -0.01956886053085327,
        -2.749361276626587
      ],
      [
        0.0,
        0.0,
        0.0,
        1.0
      ]
    ],
    "head": [
      14.168781280517578,
      40.63906478881836,
      -2.749361276626587
    ],
    "tail": [
      13.380441665649414,
      43.144100189208984,
      -27.847322463989258
    ],
    "length": 25.234981536865234,
    "parent": "l_lowleg",
    "vector": [
      -0.7883396148681641,
      2.505035400390625,
      -25.09796142578125
    ]
  },
  "l_lowleg_twist2_proc": {
    "matrix": [
      [
        0.11386627703905106,
        -0.031239956617355347,
        0.9930048584938049,
        15.126585960388184
      ],
      [
        -0.9882242679595947,
        0.0992683619260788,
        0.11644110083580017,
        32.32645797729492
      ],
      [
        -0.10221157968044281,
        -0.994570255279541,
        -0.01956886053085327,
        -3.609130859375
      ],
      [
        0.0,
        0.0,
        0.0,
        1.0
      ]
    ],
    "head": [
      15.126585960388184,
      32.32645797729492,
      -3.609130859375
    ],
    "tail": [
      14.33824634552002,
      34.83149337768555,
      -28.70709228515625
    ],
    "length": 25.234981536865234,
    "parent": "l_lowleg",
    "vector": [
      -0.7883396148681641,
      2.505035400390625,
      -25.09796142578125
    ]
  },
  "l_lowleg_twist3_proc": {
    "matrix": [
      [
        0.11386627703905106,
        -0.031239941716194153,
        0.9930047988891602,
        16.084392547607422
      ],
      [
        -0.98822420835495,
        0.09926843643188477,
        0.11644107848405838,
        24.01384925842285
      ],
      [
        -0.10221165418624878,
        -0.9945700764656067,
        -0.01956869661808014,
        -4.468900680541992
      ],
      [
        0.0,
        0.0,
        0.0,
        1.0
      ]
    ],
    "head": [
      16.084392547607422,
      24.01384925842285,
      -4.468900680541992
    ],
    "tail": [
      15.296052932739258,
      26.51888656616211,
      -29.56686019897461
    ],
    "length": 25.234981536865234,
    "parent": "l_lowleg",
    "vector": [
      -0.7883396148681641,
      2.505037307739258,
      -25.097959518432617
    ]
  },
  "l_lowleg_twist4_proc": {
    "matrix": [
      [
        0.11386627703905106,
        -0.031239941716194153,
        0.9930049777030945,
        17.04219627380371
      ],
      [
        -0.9882243275642395,
        0.09926846623420715,
        0.11644112318754196,
        15.701240539550781
      ],
      [
        -0.10221166908740997,
        -0.9945703744888306,
        -0.01956893503665924,
        -5.328670024871826
      ],
      [
        0.0,
        0.0,
        0.0,
        1.0
      ]
    ],
    "head": [
      17.04219627380371,
      15.701240539550781,
      -5.328670024871826
    ],
    "tail": [
      16.253856658935547,
      18.20627784729004,
      -30.42662811279297
    ],
    "length": 25.23497772216797,
    "parent": "l_lowleg",
    "vector": [
      -0.7883396148681641,
      2.505037307739258,
      -25.097957611083984
    ]
  },
  "l_upleg_twist0_proc": {
    "matrix": [
      [
        0.11877112835645676,
        -0.027903690934181213,
        0.9925294518470764,
        8.204651832580566
      ],
      [
        -0.9900028109550476,
        0.07326138019561768,
        0.12052840739488602,
        90.55810546875
      ],
      [
        -0.07607726007699966,
        -0.9969223141670227,
        -0.018923357129096985,
        0.5325716137886047
      ],
      [
        0.0,
        0.0,
        0.0,
        1.0
      ]
    ],
    "head": [
      8.204651832580566,
      90.55810546875,
      0.5325716137886047
    ],
    "tail": [
      7.521393775939941,
      92.35200500488281,
      -23.878358840942383
    ],
    "length": 24.486291885375977,
    "parent": "l_upleg",
    "vector": [
      -0.683258056640625,
      1.7938995361328125,
      -24.410930633544922
    ]
  },
  "l_upleg_twist1_proc": {
    "matrix": [
      [
        0.11877112835645676,
        -0.027903690934181213,
        0.9925294518470764,
        9.456233024597168
      ],
      [
        -0.9900028109550476,
        0.07326138019561768,
        0.12052840739488602,
        80.15650177001953
      ],
      [
        -0.07607726007699966,
        -0.9969223141670227,
        -0.018923357129096985,
        -0.07296928018331528
      ],
      [
        0.0,
        0.0,
        0.0,
        1.0
      ]
    ],
    "head": [
      9.456233024597168,
      80.15650177001953,
      -0.07296928018331528
    ],
    "tail": [
      8.772974967956543,
      81.95040130615234,
      -24.48390007019043
    ],
    "length": 24.486291885375977,
    "parent": "l_upleg",
    "vector": [
      -0.683258056640625,
      1.7938995361328125,
      -24.410930633544922
    ]
  },
  "l_upleg_twist2_proc": {
    "matrix": [
      [
        0.11877112835645676,
        -0.027903690934181213,
        0.9925294518470764,
        10.70781421661377
      ],
      [
        -0.9900028109550476,
        0.07326138019561768,
        0.12052840739488602,
        69.75489807128906
      ],
      [
        -0.07607726007699966,
        -0.9969223141670227,
        -0.018923357129096985,
        -0.6785101294517517
      ],
      [
        0.0,
        0.0,
        0.0,
        1.0
      ]
    ],
    "head": [
      10.70781421661377,
      69.75489807128906,
      -0.6785101294517517
    ],
    "tail": [
      10.024556159973145,
      71.54879760742188,
      -25.089441299438477
    ],
    "length": 24.486291885375977,
    "parent": "l_upleg",
    "vector": [
      -0.683258056640625,
      1.7938995361328125,
      -24.410930633544922
    ]
  },
  "l_upleg_twist3_proc": {
    "matrix": [
      [
        0.11877113580703735,
        -0.027903713285923004,
        0.9925296902656555,
        11.959395408630371
      ],
      [
        -0.9900029301643372,
        0.07326125353574753,
        0.120528444647789,
        59.3532829284668
      ],
      [
        -0.07607714086771011,
        -0.9969226121902466,
        -0.018923543393611908,
        -1.2840508222579956
      ],
      [
        0.0,
        0.0,
        0.0,
        1.0
      ]
    ],
    "head": [
      11.959395408630371,
      59.3532829284668,
      -1.2840508222579956
    ],
    "tail": [
      11.276137351989746,
      61.147178649902344,
      -25.694976806640625
    ],
    "length": 24.486286163330078,
    "parent": "l_upleg",
    "vector": [
      -0.683258056640625,
      1.7938957214355469,
      -24.410926818847656
    ]
  },
  "l_upleg_twist4_proc": {
    "matrix": [
      [
        0.11877113580703735,
        -0.027903713285923004,
        0.9925296902656555,
        13.210977554321289
      ],
      [
        -0.9900029301643372,
        0.07326125353574753,
        0.120528444647789,
        48.9516716003418
      ],
      [
        -0.07607714086771011,
        -0.9969226121902466,
        -0.018923543393611908,
        -1.889591932296753
      ],
      [
        0.0,
        0.0,
        0.0,
        1.0
      ]
    ],
    "head": [
      13.210977554321289,
      48.9516716003418,
      -1.889591932296753
    ],
    "tail": [
      12.527719497680664,
      50.745567321777344,
      -26.300518035888672
    ],
    "length": 24.486286163330078,
    "parent": "l_upleg",
    "vector": [
      -0.683258056640625,
      1.7938957214355469,
      -24.410926818847656
    ]
  },
  "r_upleg": {
    "matrix": [
      [
        0.11877111345529556,
        -0.027903810143470764,
        0.9925294518470764,
        -8.204649925231934
      ],
      [
        0.9900028109550476,
        -0.07326138019561768,
        -0.12052841484546661,
        90.55811309814453
      ],
      [
        0.07607728242874146,
        0.9969222545623779,
        0.018923521041870117,
        0.5325720906257629
      ],
      [
        0.0,
        0.0,
        0.0,
        1.0
      ]
    ],
    "head": [
      -8.204649925231934,
      90.55811309814453,
      0.5325720906257629
    ],
    "tail": [
      -8.887910842895508,
      88.76421356201172,
      24.94350242614746
    ],
    "length": 24.486291885375977,
    "parent": "root",
    "vector": [
      -0.6832609176635742,
      -1.7938995361328125,
      24.410930633544922
    ]
  },
  "r_lowleg": {
    "matrix": [
      [
        0.11386631429195404,
        -0.0312400683760643,
        0.9930048584938049,
        -13.210979461669922
      ],
      [
        0.9882243275642395,
        -0.09926839172840118,
        -0.11644113808870316,
        48.9516716003418
      ],
      [
        0.1022116169333458,
        0.9945701956748962,
        0.019568830728530884,
        -1.8895918130874634
      ],
      [
        0.0,
        0.0,
        0.0,
        1.0
      ]
    ],
    "head": [
      -13.210979461669922,
      48.9516716003418,
      -1.8895918130874634
    ],
    "tail": [
      -13.999321937561035,
      46.44663619995117,
      23.208362579345703
    ],
    "length": 25.234973907470703,
    "parent": "r_upleg",
    "vector": [
      -0.7883424758911133,
      -2.505035400390625,
      25.09795379638672
    ]
  },
  "r_foot": {
    "matrix": [
      [
        0.11382215470075607,
        -0.03127993643283844,
        0.9930087924003601,
        -17.999998092651367
      ],
      [
        0.9882283210754395,
        -0.09927564859390259,
        -0.11640141904354095,
        7.388637065887451
      ],
      [
        0.10222259163856506,
        0.9945684671401978,
        0.01961170881986618,
        -6.188438892364502
      ],
      [
        0.0,
        0.0,
        0.0,
        1.0
      ]
    ],
    "head": [
      -17.999998092651367,
      7.388637065887451,
      -6.188438892364502
    ],
    "tail": [
      -18.00031089782715,
      7.387644290924072,
      -6.178493022918701
    ],
    "length": 0.010000187903642654,
    "parent": "r_lowleg",
    "vector": [
      -0.00031280517578125,
      -0.0009927749633789062,
      0.009945869445800781
    ]
  },
  "r_talocrural": {
    "matrix": [
      [
        0.11386603862047195,
        -0.031240314245224,
        0.9930050373077393,
        -18.000003814697266
      ],
      [
        0.9882243871688843,
        -0.09926837682723999,
        -0.11644087731838226,
        7.38858699798584
      ],
      [
        0.1022116169333458,
        0.9945703744888306,
        0.01956893503665924,
        -6.188445091247559
      ],
      [
        0.0,
        0.0,
        0.0,
        1.0
      ]
    ],
    "head": [
      -18.000003814697266,
      7.38858699798584,
      -6.188445091247559
    ],
    "tail": [
      -18.110733032226562,
      7.036736965179443,
      -2.6632578372955322
    ],
    "length": 3.5444328784942627,
    "parent": "r_foot",
    "vector": [
      -0.11072921752929688,
      -0.3518500328063965,
      3.5251872539520264
    ]
  },
  "r_subtalar": {
    "matrix": [
      [
        -0.01096545159816742,
        -0.0019143223762512207,
        0.99993896484375,
        -18.878753662109375
      ],
      [
        0.17199330031871796,
        -0.9850980639457703,
        3.2782554626464844e-07,
        3.9971749782562256
      ],
      [
        0.985037088394165,
        0.17198264598846436,
        0.011131256818771362,
        -5.650733947753906
      ],
      [
        0.0,
        0.0,
        0.0,
        1.0
      ]
    ],
    "head": [
      -18.878753662109375,
      3.9971749782562256,
      -5.650733947753906
    ],
    "tail": [
      -18.89044952392578,
      -2.0213820934295654,
      -4.5999884605407715
    ],
    "length": 6.1096014976501465,
    "parent": "r_talocrural",
    "vector": [
      -0.01169586181640625,
      -6.018557071685791,
      1.0507454872131348
    ]
  },
  "r_transversetarsal": {
    "matrix": [
      [
        -0.010962637141346931,
        -0.0019140839576721191,
        0.9999374747276306,
        -18.945737838745117
      ],
      [
        0.17199324071407318,
        -0.9850980639457703,
        -1.7881393432617188e-07,
        5.0479865074157715
      ],
      [
        0.985037088394165,
        0.17198260128498077,
        0.011128503829240799,
        0.36745065450668335
      ],
      [
        0.0,
        0.0,
        0.0,
        1.0
      ]
    ],
    "head": [
      -18.945737838745117,
      5.0479865074157715,
      0.36745065450668335
    ],
    "tail": [
      -18.960628509521484,
      -2.6155552864074707,
      1.7053842544555664
    ],
    "length": 7.779470443725586,
    "parent": "r_subtalar",
    "vector": [
      -0.014890670776367188,
      -7.663541793823242,
      1.3379335403442383
    ]
  },
  "r_ball": {
    "matrix": [
      [
        -0.2294657975435257,
        0.01745244674384594,
        0.9731602668762207,
        -19.464962005615234
      ],
      [
        -0.004005289636552334,
        -0.9998477697372437,
        0.016986628994345665,
        2.0820744037628174
      ],
      [
        0.9733085036277771,
        5.8770151412090854e-08,
        0.22950075566768646,
        7.540590763092041
      ],
      [
        0.0,
        0.0,
        0.0,
        1.0
      ]
    ],
    "head": [
      -19.464962005615234,
      2.0820744037628174,
      7.540590763092041
    ],
    "tail": [
      -19.329191207885742,
      -5.696211814880371,
      7.540591239929199
    ],
    "length": 7.779470920562744,
    "parent": "r_transversetarsal",
    "vector": [
      0.1357707977294922,
      -7.778285980224609,
      4.76837158203125e-07
    ]
  },
  "r_lowleg_twist1_proc": {
    "matrix": [
      [
        0.11386631429195404,
        -0.031240060925483704,
        0.9930049777030945,
        -14.168780326843262
      ],
      [
        0.9882243275642395,
        -0.09926839172840118,
        -0.11644114553928375,
        40.639068603515625
      ],
      [
        0.10221162438392639,
        0.9945703744888306,
        0.019568689167499542,
        -2.749361038208008
      ],
      [
        0.0,
        0.0,
        0.0,
        1.0
      ]
    ],
    "head": [
      -14.168780326843262,
      40.639068603515625,
      -2.749361038208008
    ],
    "tail": [
      -14.957122802734375,
      38.134033203125,
      22.348596572875977
    ],
    "length": 25.23497772216797,
    "parent": "r_lowleg",
    "vector": [
      -0.7883424758911133,
      -2.505035400390625,
      25.097957611083984
    ]
  },
  "r_lowleg_twist2_proc": {
    "matrix": [
      [
        0.11386631429195404,
        -0.0312400683760643,
        0.9930048584938049,
        -15.126585006713867
      ],
      [
        0.9882243275642395,
        -0.09926839172840118,
        -0.11644113808870316,
        32.32645797729492
      ],
      [
        0.1022116169333458,
        0.9945701956748962,
        0.019568830728530884,
        -3.609130859375
      ],
      [
        0.0,
        0.0,
        0.0,
        1.0
      ]
    ],
    "head": [
      -15.126585006713867,
      32.32645797729492,
      -3.609130859375
    ],
    "tail": [
      -15.91492748260498,
      29.821422576904297,
      21.48882293701172
    ],
    "length": 25.234973907470703,
    "parent": "r_lowleg",
    "vector": [
      -0.7883424758911133,
      -2.505035400390625,
      25.09795379638672
    ]
  },
  "r_lowleg_twist3_proc": {
    "matrix": [
      [
        0.11386635899543762,
        -0.031240031123161316,
        0.9930048584938049,
        -16.08439064025879
      ],
      [
        0.9882242679595947,
        -0.09926839172840118,
        -0.11644117534160614,
        24.013853073120117
      ],
      [
        0.1022116094827652,
        0.9945701956748962,
        0.01956877112388611,
        -4.468900203704834
      ],
      [
        0.0,
        0.0,
        0.0,
        1.0
      ]
    ],
    "head": [
      -16.08439064025879,
      24.013853073120117,
      -4.468900203704834
    ],
    "tail": [
      -16.872732162475586,
      21.508817672729492,
      20.62905502319336
    ],
    "length": 25.23497772216797,
    "parent": "r_lowleg",
    "vector": [
      -0.7883415222167969,
      -2.505035400390625,
      25.09795570373535
    ]
  },
  "r_lowleg_twist4_proc": {
    "matrix": [
      [
        0.11386635899543762,
        -0.031240038573741913,
        0.9930048584938049,
        -17.04219627380371
      ],
      [
        0.9882242679595947,
        -0.09926839172840118,
        -0.11644116789102554,
        15.701244354248047
      ],
      [
        0.1022116094827652,
        0.9945701956748962,
        0.019568786025047302,
        -5.328669548034668
      ],
      [
        0.0,
        0.0,
        0.0,
        1.0
      ]
    ],
    "head": [
      -17.04219627380371,
      15.701244354248047,
      -5.328669548034668
    ],
    "tail": [
      -17.830537796020508,
      13.196208953857422,
      19.769283294677734
    ],
    "length": 25.234973907470703,
    "parent": "r_lowleg",
    "vector": [
      -0.7883415222167969,
      -2.505035400390625,
      25.09795379638672
    ]
  },
  "r_upleg_twist0_proc": {
    "matrix": [
      [
        0.11877111345529556,
        -0.027903810143470764,
        0.9925294518470764,
        -8.204651832580566
      ],
      [
        0.9900028109550476,
        -0.07326138019561768,
        -0.12052841484546661,
        90.55810546875
      ],
      [
        0.07607728242874146,
        0.9969222545623779,
        0.018923521041870117,
        0.5325712561607361
      ],
      [
        0.0,
        0.0,
        0.0,
        1.0
      ]
    ],
    "head": [
      -8.204651832580566,
      90.55810546875,
      0.5325712561607361
    ],
    "tail": [
      -8.88791275024414,
      88.76420593261719,
      24.94350242614746
    ],
    "length": 24.486291885375977,
    "parent": "r_upleg",
    "vector": [
      -0.6832609176635742,
      -1.7938995361328125,
      24.410930633544922
    ]
  },
  "r_upleg_twist1_proc": {
    "matrix": [
      [
        0.11877111345529556,
        -0.027903810143470764,
        0.9925294518470764,
        -9.456233978271484
      ],
      [
        0.9900028109550476,
        -0.07326138019561768,
        -0.12052841484546661,
        80.15650177001953
      ],
      [
        0.07607728242874146,
        0.9969222545623779,
        0.018923521041870117,
        -0.0729694738984108
      ],
      [
        0.0,
        0.0,
        0.0,
        1.0
      ]
    ],
    "head": [
      -9.456233978271484,
      80.15650177001953,
      -0.0729694738984108
    ],
    "tail": [
      -10.139494895935059,
      78.36260223388672,
      24.337961196899414
    ],
    "length": 24.486291885375977,
    "parent": "r_upleg",
    "vector": [
      -0.6832609176635742,
      -1.7938995361328125,
      24.410930633544922
    ]
  },
  "r_upleg_twist2_proc": {
    "matrix": [
      [
        0.11877111345529556,
        -0.027903810143470764,
        0.9925294518470764,
        -10.707815170288086
      ],
      [
        0.9900028109550476,
        -0.07326138019561768,
        -0.12052841484546661,
        69.75489807128906
      ],
      [
        0.07607728242874146,
        0.9969222545623779,
        0.018923521041870117,
        -0.6785097122192383
      ],
      [
        0.0,
        0.0,
        0.0,
        1.0
      ]
    ],
    "head": [
      -10.707815170288086,
      69.75489807128906,
      -0.6785097122192383
    ],
    "tail": [
      -11.39107608795166,
      67.96099853515625,
      23.732421875
    ],
    "length": 24.486291885375977,
    "parent": "r_upleg",
    "vector": [
      -0.6832609176635742,
      -1.7938995361328125,
      24.410930633544922
    ]
  },
  "r_upleg_twist3_proc": {
    "matrix": [
      [
        0.11877110600471497,
        -0.027903810143470764,
        0.9925294518470764,
        -11.959396362304688
      ],
      [
        0.9900028109550476,
        -0.07326123118400574,
        -0.12052840739488602,
        59.3532829284668
      ],
      [
        0.07607714086771011,
        0.9969222545623779,
        0.018923521041870117,
        -1.284050703048706
      ],
      [
        0.0,
        0.0,
        0.0,
        1.0
      ]
    ],
    "head": [
      -11.959396362304688,
      59.3532829284668,
      -1.284050703048706
    ],
    "tail": [
      -12.642657279968262,
      57.55938720703125,
      23.126876831054688
    ],
    "length": 24.48628807067871,
    "parent": "r_upleg",
    "vector": [
      -0.6832609176635742,
      -1.7938957214355469,
      24.410926818847656
    ]
  },
  "r_upleg_twist4_proc": {
    "matrix": [
      [
        0.11877110600471497,
        -0.027903810143470764,
        0.9925294518470764,
        -13.210979461669922
      ],
      [
        0.9900028109550476,
        -0.07326123118400574,
        -0.12052840739488602,
        48.9516716003418
      ],
      [
        0.07607714086771011,
        0.9969222545623779,
        0.018923521041870117,
        -1.8895918130874634
      ],
      [
        0.0,
        0.0,
        0.0,
        1.0
      ]
    ],
    "head": [
      -13.210979461669922,
      48.9516716003418,
      -1.8895918130874634
    ],
    "tail": [
      -13.894240379333496,
      47.15777587890625,
      22.52133560180664
    ],
    "length": 24.48628807067871,
    "parent": "r_upleg",
    "vector": [
      -0.6832609176635742,
      -1.7938957214355469,
      24.410926818847656
    ]
  },
  "c_spine0": {
    "matrix": [
      [
        -4.371138828673793e-08,
        0.0,
        0.9999998807907104,
        2.3428209225466413e-15
      ],
      [
        0.9992048144340515,
        0.03986995294690132,
        4.621688276529312e-08,
        94.42069244384766
      ],
      [
        -0.03986996039748192,
        0.9992046356201172,
        5.960464477539063e-08,
        -3.253567695617676
      ],
      [
        0.0,
        0.0,
        0.0,
        1.0
      ]
    ],
    "head": [
      2.3428209225466413e-15,
      94.42069244384766,
      -3.253567695617676
    ],
    "tail": [
      1.6904634633839281e-15,
      94.86309814453125,
      7.833824157714844
    ],
    "length": 11.09621524810791,
    "parent": "root",
    "vector": [
      -6.523574591627132e-16,
      0.44240570068359375,
      11.08739185333252
    ]
  },
  "c_spine1": {
    "matrix": [
      [
        -4.371138828673793e-08,
        0.0,
        0.9999998807907104,
        5.815873799635835e-16
      ],
      [
        0.9992048144340515,
        0.039869971573352814,
        5.029141902923584e-08,
        105.46186828613281
      ],
      [
        -0.03986997902393341,
        0.9992046356201172,
        1.601874828338623e-07,
        -2.1497600078582764
      ],
      [
        0.0,
        0.0,
        0.0,
        1.0
      ]
    ],
    "head": [
      5.815873799635835e-16,
      105.46186828613281,
      -2.1497600078582764
    ],
    "tail": [
      -7.92524259516118e-17,
      105.91002655029297,
      9.081795692443848
    ],
    "length": 11.240493774414062,
    "parent": "c_spine0",
    "vector": [
      -6.608398059151953e-16,
      0.44815826416015625,
      11.231555938720703
    ]
  },
  "c_spine2": {
    "matrix": [
      [
        -4.371138828673793e-08,
        0.0,
        1.0000001192092896,
        1.3833605510494488e-15
      ],
      [
        0.9992049336433411,
        0.039869945496320724,
        3.748573362827301e-08,
        116.39864349365234
      ],
      [
        -0.039869941771030426,
        0.9992049932479858,
        -1.601874828338623e-07,
        -4.745058536529541
      ],
      [
        0.0,
        0.0,
        0.0,
        1.0
      ]
    ],
    "head": [
      1.3833605510494488e-15,
      116.39864349365234,
      -4.745058536529541
    ],
    "tail": [
      2.979649091412631e-16,
      117.13471984863281,
      13.702199935913086
    ],
    "length": 18.461936950683594,
    "parent": "c_spine1",
    "vector": [
      -1.0853956419081857e-15,
      0.7360763549804688,
      18.44725799560547
    ]
  },
  "c_spine3": {
    "matrix": [
      [
        -4.371138828673793e-08,
        0.0,
        1.0000001192092896,
        2.4039144444167786e-15
      ],
      [
        0.9992049336433411,
        0.03986966237425804,
        3.923196345567703e-08,
        134.8317108154297
      ],
      [
        -0.03986965864896774,
        0.9992049932479858,
        -1.1548399925231934e-07,
        -3.713008403778076
      ],
      [
        0.0,
        0.0,
        0.0,
        1.0
      ]
    ],
    "head": [
      2.4039144444167786e-15,
      134.8317108154297,
      -3.713008403778076
    ],
    "tail": [
      1.7341253648369272e-15,
      135.2859344482422,
      7.670648097991943
    ],
    "length": 11.392714500427246,
    "parent": "c_spine2",
    "vector": [
      -6.6978907957985145e-16,
      0.4542236328125,
      11.38365650177002
    ]
  },
  "r_clavicle": {
    "matrix": [
      [
        0.8364810943603516,
        0.5442619323730469,
        0.06386260688304901,
        -2.82177996635437
      ],
      [
        -0.07869448512792587,
        0.003973215818405151,
        0.9968908429145813,
        140.55099487304688
      ],
      [
        0.5423160195350647,
        -0.838905930519104,
        0.04615393280982971,
        6.356182098388672
      ],
      [
        0.0,
        0.0,
        0.0,
        1.0
      ]
    ],
    "head": [
      -2.82177996635437,
      140.55099487304688,
      6.356182098388672
    ],
    "tail": [
      6.784722328186035,
      140.62112426757812,
      -8.450937271118164
    ],
    "length": 17.6505126953125,
    "parent": "c_spine3",
    "vector": [
      9.606502532958984,
      0.07012939453125,
      -14.807119369506836
    ]
  },
  "r_uparm": {
    "matrix": [
      [
        0.6704674363136292,
        0.29883599281311035,
        -0.6790952682495117,
        -17.586101531982422
      ],
      [
        0.7399196624755859,
        -0.3367975950241089,
        0.58231121301651,
        141.94000244140625
      ],
      [
        -0.05470210313796997,
        -0.8928966522216797,
        -0.4469265341758728,
        -3.215975761413574
      ],
      [
        0.0,
        0.0,
        0.0,
        1.0
      ]
    ],
    "head": [
      -17.586101531982422,
      141.94000244140625,
      -3.215975761413574
    ],
    "tail": [
      -13.109512329101562,
      136.89474487304688,
      -16.591646194458008
    ],
    "length": 14.980088233947754,
    "parent": "r_clavicle",
    "vector": [
      4.476589202880859,
      -5.045257568359375,
      -13.375670433044434
    ]
  },
  "r_lowarm": {
    "matrix": [
      [
        0.710989236831665,
        -0.13245262205600739,
        -0.6906157732009888,
        -34.78969955444336
      ],
      [
        0.42932072281837463,
        -0.6960625052452087,
        0.5754827857017517,
        122.92298889160156
      ],
      [
        -0.5569361448287964,
        -0.7056578397750854,
        -0.43802767992019653,
        -1.852439284324646
      ],
      [
        0.0,
        0.0,
        0.0,
        1.0
      ]
    ],
    "head": [
      -34.78969955444336,
      122.92298889160156,
      -1.852439284324646
    ],
    "tail": [
      -36.93543243408203,
      111.64677429199219,
      -13.284096717834473
    ],
    "length": 16.200000762939453,
    "parent": "r_uparm",
    "vector": [
      -2.145732879638672,
      -11.276214599609375,
      -11.431657791137695
    ]
  },
  "r_wrist_twist": {
    "matrix": [
      [
        0.6430234313011169,
        -0.6403249502182007,
        0.42012476921081543,
        -53.986412048339844
      ],
      [
        0.4920763671398163,
        0.7657966613769531,
        0.4140247106552124,
        111.33134460449219
      ],
      [
        -0.5868404507637024,
        -0.05949417129158974,
        0.8075138926506042,
        13.184830665588379
      ],
      [
        0.0,
        0.0,
        0.0,
        1.0
      ]
    ],
    "head": [
      -53.986412048339844,
      111.33134460449219,
      13.184830665588379
    ],
    "tail": [
      -53.99281692504883,
      111.33900451660156,
      13.184235572814941
    ],
    "length": 0.010002541355788708,
    "parent": "r_lowarm",
    "vector": [
      -0.006404876708984375,
      0.007659912109375,
      -0.0005950927734375
    ]
  },
  "r_wrist": {
    "matrix": [
      [
        0.6428925395011902,
        -0.6405360102653503,
        0.4200034737586975,
        -53.986412048339844
      ],
      [
        0.4922250509262085,
        0.7656168341636658,
        0.41418054699897766,
        111.33133697509766
      ],
      [
        -0.5868592262268066,
        -0.0595373660326004,
        0.8074971437454224,
        13.184832572937012
      ],
      [
        0.0,
        0.0,
        0.0,
        1.0
      ]
    ],
    "head": [
      -53.986412048339844,
      111.33133697509766,
      13.184832572937012
    ],
    "tail": [
      -57.77699661254883,
      115.86212921142578,
      12.832500457763672
    ],
    "length": 5.917832851409912,
    "parent": "r_wrist_twist",
    "vector": [
      -3.7905845642089844,
      4.530792236328125,
      -0.35233211517333984
    ]
  },
  "r_pinky0": {
    "matrix": [
      [
        0.6681414246559143,
        -0.741139829158783,
        -0.0655653178691864,
        -55.56303787231445
      ],
      [
        0.6535387635231018,
        0.5424734950065613,
        0.527834951877594,
        108.57005310058594
      ],
      [
        -0.3556320369243622,
        -0.39551788568496704,
        0.8468125462532043,
        12.61850357055664
      ],
      [
        0.0,
        0.0,
        0.0,
        1.0
      ]
    ],
    "head": [
      -55.56303787231445,
      108.57005310058594,
      12.61850357055664
    ],
    "tail": [
      -58.94637680053711,
      111.04647064208984,
      10.812945365905762
    ],
    "length": 4.5650482177734375,
    "parent": "r_wrist",
    "vector": [
      -3.3833389282226562,
      2.4764175415039062,
      -1.805558204650879
    ]
  },
  "r_pinky1": {
    "matrix": [
      [
        0.625201940536499,
        -0.7764915823936462,
        0.07863439619541168,
        -58.61307907104492
      ],
      [
        0.6816924214363098,
        0.5923603773117065,
        0.42942357063293457,
        105.58668518066406
      ],
      [
        -0.3800237476825714,
        -0.21487195789813995,
        0.8996732234954834,
        14.242203712463379
      ],
      [
        0.0,
        0.0,
        0.0,
        1.0
      ]
    ],
    "head": [
      -58.61307907104492,
      105.58668518066406,
      14.242203712463379
    ],
    "tail": [
      -60.99873352050781,
      107.40662384033203,
      13.58204174041748
    ],
    "length": 3.07235050201416,
    "parent": "r_pinky0",
    "vector": [
      -2.3856544494628906,
      1.8199386596679688,
      -0.6601619720458984
    ]
  },
  "r_pinky2": {
    "matrix": [
      [
        0.6475847959518433,
        -0.7612320780754089,
        -0.03405405580997467,
        -60.533687591552734
      ],
      [
        0.7023812532424927,
        0.5789980888366699,
        0.41403111815452576,
        103.49198913574219
      ],
      [
        -0.29545652866363525,
        -0.292039155960083,
        0.9096254706382751,
        15.409607887268066
      ],
      [
        0.0,
        0.0,
        0.0,
        1.0
      ]
    ],
    "head": [
      -60.533687591552734,
      103.49198913574219,
      15.409607887268066
    ],
    "tail": [
      -62.07957458496094,
      104.66780090332031,
      14.816543579101562
    ],
    "length": 2.0307695865631104,
    "parent": "r_pinky1",
    "vector": [
      -1.5458869934082031,
      1.175811767578125,
      -0.5930643081665039
    ]
  },
  "r_pinky3": {
    "matrix": [
      [
        0.6835173964500427,
        -0.72921222448349,
        0.03245873004198074,
        -61.84909439086914
      ],
      [
        0.6297696232795715,
        0.6116212606430054,
        0.4788628816604614,
        102.06598663330078
      ],
      [
        -0.36904510855674744,
        -0.3068695664405823,
        0.8772895336151123,
        16.009803771972656
      ],
      [
        0.0,
        0.0,
        0.0,
        1.0
      ]
    ],
    "head": [
      -61.84909439086914,
      102.06598663330078,
      16.009803771972656
    ],
    "tail": [
      -63.33662796020508,
      103.31364440917969,
      15.383814811706543
    ],
    "length": 2.0399186611175537,
    "parent": "r_pinky2",
    "vector": [
      -1.4875335693359375,
      1.2476577758789062,
      -0.6259889602661133
    ]
  },
  "r_pinky_null": {
    "matrix": [
      [
        0.6835163235664368,
        -0.7292132377624512,
        0.0324585884809494,
        -63.24319839477539
      ],
      [
        0.629770815372467,
        0.6116207242012024,
        0.47886234521865845,
        100.781005859375
      ],
      [
        -0.36904507875442505,
        -0.3068687617778778,
        0.8772897720336914,
        16.762500762939453
      ],
      [
        0.0,
        0.0,
        0.0,
        1.0
      ]
    ],
    "head": [
